Gene_ID	Amelonado	Contamana	Criollo	Curaray	Guianna	Iquitos	Maranon	Nacional	Nanay	Purus	#_of_populations
Thecc1EG000002t1	0	0	1	0	1	0	0	0	0	0	2
Thecc1EG000003t1	0	0	1	0	1	0	0	0	0	0	2
Thecc1EG000004t1	0	0	1	0	1	0	0	0	0	0	2
Thecc1EG000005t1	0	0	1	0	1	0	0	0	0	0	2
Thecc1EG000661t4	0	0	0	0	1	0	1	0	0	0	2
Thecc1EG000662t2	0	0	0	0	1	0	1	0	0	0	2
Thecc1EG000663t1	0	0	0	0	1	0	1	0	0	0	2
Thecc1EG000664t1	0	0	0	0	1	0	1	0	0	0	2
Thecc1EG000665t1	0	0	0	0	1	0	1	0	0	0	2
Thecc1EG000666t1	0	0	0	0	1	0	1	0	0	0	2
Thecc1EG000667t1	0	0	0	0	1	0	1	0	0	0	2
Thecc1EG000668t1	0	0	0	0	1	0	1	0	0	0	2
Thecc1EG000669t1	0	0	0	0	1	0	1	0	0	0	2
Thecc1EG000670t3	0	0	0	0	1	0	1	0	0	0	2
Thecc1EG000671t1	0	0	0	0	1	0	1	0	0	0	2
Thecc1EG000672t1	0	0	0	0	1	0	1	0	0	0	2
Thecc1EG000673t1	0	0	0	0	1	0	1	0	0	0	2
Thecc1EG000674t1	0	0	0	0	1	0	1	0	0	0	2
Thecc1EG000675t1	0	0	0	0	1	0	1	0	0	0	2
Thecc1EG000677t1	0	0	0	0	1	0	1	0	0	0	2
Thecc1EG000678t1	0	0	0	0	1	0	1	0	0	0	2
Thecc1EG000679t1	0	0	0	0	1	0	1	0	0	0	2
Thecc1EG000680t1	0	0	0	0	1	0	1	0	0	0	2
Thecc1EG000681t1	0	0	0	0	1	0	1	0	0	0	2
Thecc1EG000682t1	0	0	0	0	1	0	1	0	0	0	2
Thecc1EG000683t1	0	0	0	0	1	0	1	0	0	0	2
Thecc1EG000684t1	0	0	0	0	1	0	1	0	0	0	2
Thecc1EG000685t1	0	0	0	0	1	0	1	0	0	0	2
Thecc1EG000686t1	0	0	0	0	1	0	1	0	0	0	2
Thecc1EG000687t1	0	0	0	0	1	0	1	0	0	0	2
Thecc1EG000689t1	0	0	0	0	1	0	1	0	0	0	2
Thecc1EG000690t1	0	0	0	0	1	0	1	0	0	0	2
Thecc1EG000691t3	0	0	0	0	1	0	1	0	0	0	2
Thecc1EG000692t1	0	0	0	0	1	0	1	0	0	0	2
Thecc1EG000693t1	0	0	0	0	1	0	1	0	0	0	2
Thecc1EG000694t1	0	0	0	0	1	0	1	0	0	0	2
Thecc1EG000695t1	0	0	0	0	1	0	1	0	0	0	2
Thecc1EG000696t1	0	0	0	0	1	0	1	0	0	0	2
Thecc1EG000697t1	0	0	0	0	1	0	1	0	0	0	2
Thecc1EG000698t1	0	0	0	0	1	0	1	0	0	0	2
Thecc1EG000742t2	0	0	0	0	1	0	1	0	0	0	2
Thecc1EG000744t1	0	0	0	0	1	0	1	0	0	0	2
Thecc1EG000745t1	0	0	0	0	1	0	1	0	0	0	2
Thecc1EG000746t1	0	0	0	0	1	0	1	0	0	0	2
Thecc1EG000747t1	0	0	0	0	1	0	1	0	0	0	2
Thecc1EG000748t1	0	0	0	0	1	0	1	0	0	0	2
Thecc1EG000749t1	0	0	0	0	1	0	1	0	0	0	2
Thecc1EG000750t1	0	0	0	0	1	0	1	0	0	0	2
Thecc1EG000751t1	0	0	0	0	1	0	1	0	0	0	2
Thecc1EG000752t1	0	0	0	0	1	0	1	0	0	0	2
Thecc1EG000753t1	0	0	0	0	1	0	1	0	0	0	2
Thecc1EG000754t1	0	0	0	0	1	0	1	0	0	0	2
Thecc1EG000755t2	0	0	0	0	1	0	1	0	0	0	2
Thecc1EG000756t1	0	0	0	0	1	0	1	0	0	0	2
Thecc1EG000757t1	0	0	0	0	1	0	1	0	0	0	2
Thecc1EG000758t1	0	0	0	0	1	0	1	0	0	0	2
Thecc1EG000760t1	0	0	0	0	1	0	1	0	0	0	2
Thecc1EG000761t1	0	0	0	0	1	0	1	0	0	0	2
Thecc1EG000762t1	0	0	0	0	1	0	1	0	0	0	2
Thecc1EG000763t1	0	0	0	0	1	0	1	0	0	0	2
Thecc1EG000764t1	0	0	0	0	1	0	1	0	0	0	2
Thecc1EG000765t1	0	0	0	0	1	0	1	0	0	0	2
Thecc1EG000766t1	0	0	0	0	1	0	1	0	0	0	2
Thecc1EG000773t4	0	0	0	0	1	0	0	0	0	1	2
Thecc1EG000774t1	0	0	0	0	1	0	0	0	0	1	2
Thecc1EG000775t1	0	0	0	0	1	0	0	0	0	1	2
Thecc1EG000776t1	0	0	0	0	1	0	0	0	0	1	2
Thecc1EG000787t1	0	0	0	0	1	0	0	0	1	0	2
Thecc1EG000788t1	0	0	0	0	1	0	0	0	1	0	2
Thecc1EG000789t5	0	0	0	0	1	0	0	0	1	0	2
Thecc1EG000790t1	0	0	0	0	1	0	0	0	1	0	2
Thecc1EG000792t1	0	0	0	0	1	0	0	0	1	0	2
Thecc1EG000793t1	0	0	0	0	1	0	0	0	1	0	2
Thecc1EG000794t1	0	0	0	0	1	0	0	0	1	0	2
Thecc1EG000796t1	0	0	0	0	1	0	0	0	1	0	2
Thecc1EG000797t1	0	0	0	0	1	0	0	0	1	0	2
Thecc1EG000798t3	0	0	0	0	1	0	0	0	1	0	2
Thecc1EG000800t1	0	0	0	0	1	0	0	0	1	0	2
Thecc1EG000801t1	0	0	0	0	1	0	0	0	1	0	2
Thecc1EG000802t1	0	0	0	0	1	0	0	0	1	0	2
Thecc1EG000803t1	0	0	0	0	1	0	0	0	1	0	2
Thecc1EG000804t2	0	0	0	0	1	0	0	0	1	0	2
Thecc1EG000805t1	0	0	0	0	1	0	0	0	1	0	2
Thecc1EG000806t1	0	0	0	0	1	0	0	0	1	0	2
Thecc1EG000807t1	0	0	0	0	1	0	0	0	1	0	2
Thecc1EG000808t3	0	0	0	0	1	0	0	0	1	0	2
Thecc1EG000809t1	0	0	0	0	1	0	0	0	1	0	2
Thecc1EG000810t1	0	0	0	0	1	0	0	0	1	0	2
Thecc1EG000811t1	0	0	0	0	1	0	0	0	1	0	2
Thecc1EG000812t1	0	0	0	0	1	0	0	0	1	0	2
Thecc1EG000813t1	0	0	0	0	1	0	0	0	1	0	2
Thecc1EG000814t1	0	0	0	0	1	0	0	0	1	0	2
Thecc1EG000815t1	0	0	0	0	1	0	0	0	1	0	2
Thecc1EG000816t1	0	0	0	0	1	0	0	0	1	0	2
Thecc1EG000817t2	0	0	0	0	1	0	0	0	1	0	2
Thecc1EG000839t1	0	1	0	0	1	0	0	0	0	0	2
Thecc1EG000840t2	0	1	0	0	1	0	0	0	0	0	2
Thecc1EG000842t1	0	1	0	0	1	0	0	0	0	0	2
Thecc1EG000843t1	0	1	0	0	1	0	0	0	0	0	2
Thecc1EG000844t1	0	1	0	0	1	0	0	0	0	0	2
Thecc1EG001530t1	0	1	0	1	0	0	0	0	0	0	2
Thecc1EG001531t1	0	1	0	1	0	0	0	0	0	0	2
Thecc1EG001532t1	0	1	0	1	0	0	0	0	0	0	2
Thecc1EG002089t1	0	0	0	1	0	0	0	0	1	0	2
Thecc1EG002090t1	0	0	0	1	0	0	0	0	1	0	2
Thecc1EG002091t1	0	0	0	1	0	0	0	0	1	0	2
Thecc1EG002092t1	0	0	0	1	0	0	0	0	1	0	2
Thecc1EG002098t2	0	0	0	1	0	0	0	0	1	0	2
Thecc1EG002099t1	0	0	0	1	0	0	0	0	1	0	2
Thecc1EG002102t1	0	0	0	1	0	0	0	0	1	0	2
Thecc1EG002106t1	0	0	0	1	0	0	0	0	1	0	2
Thecc1EG002110t1	0	0	0	1	0	0	0	0	1	0	2
Thecc1EG002111t1	0	0	0	1	0	0	0	0	1	0	2
Thecc1EG002116t1	0	0	0	1	0	0	0	0	1	0	2
Thecc1EG002118t2	0	0	0	1	0	0	0	0	1	0	2
Thecc1EG002121t1	0	0	0	1	0	0	0	0	1	0	2
Thecc1EG002122t1	0	0	0	1	0	0	0	0	1	0	2
Thecc1EG002134t1	0	0	0	1	0	0	0	0	1	0	2
Thecc1EG002136t1	0	0	0	1	0	0	0	0	1	0	2
Thecc1EG002137t1	0	0	0	1	0	0	0	0	1	0	2
Thecc1EG002139t1	0	0	0	1	0	0	0	0	1	0	2
Thecc1EG002140t1	0	0	0	1	0	0	0	0	1	0	2
Thecc1EG002141t1	0	0	0	1	0	0	0	0	1	0	2
Thecc1EG002142t1	0	0	0	1	0	0	0	0	1	0	2
Thecc1EG002143t1	0	0	0	1	0	0	0	0	1	0	2
Thecc1EG002144t4	0	0	0	1	0	0	0	0	1	0	2
Thecc1EG002145t1	0	0	0	1	0	0	0	0	1	0	2
Thecc1EG002146t1	0	0	0	1	0	0	0	0	1	0	2
Thecc1EG002147t1	0	0	0	1	0	0	0	0	1	0	2
Thecc1EG002500t1	0	0	0	1	0	0	0	0	0	1	2
Thecc1EG002504t1	0	0	0	1	0	0	0	0	0	1	2
Thecc1EG002505t1	0	0	0	1	0	0	0	0	0	1	2
Thecc1EG004131t1	0	1	0	0	0	0	0	0	1	0	2
Thecc1EG004162t1	0	0	0	0	0	1	0	0	1	0	2
Thecc1EG004163t1	0	0	0	0	0	1	0	0	1	0	2
Thecc1EG004164t1	0	0	0	0	0	1	0	0	1	0	2
Thecc1EG004165t1	0	0	0	0	0	1	0	0	1	0	2
Thecc1EG004166t1	0	0	0	0	0	1	0	0	1	0	2
Thecc1EG004168t1	0	0	0	0	0	1	0	0	1	0	2
Thecc1EG004169t1	0	0	0	0	0	1	0	0	1	0	2
Thecc1EG004170t1	0	0	0	0	0	1	0	0	1	0	2
Thecc1EG004171t1	0	0	0	0	0	1	0	0	1	0	2
Thecc1EG004172t1	0	0	0	0	0	1	0	0	1	0	2
Thecc1EG004363t1	0	0	0	0	1	0	0	0	0	1	2
Thecc1EG004368t1	0	0	0	0	1	0	0	0	0	1	2
Thecc1EG004494t1	0	1	0	0	0	1	0	0	0	0	2
Thecc1EG004495t1	0	1	0	0	0	1	0	0	0	0	2
Thecc1EG004496t1	0	1	0	0	0	1	0	0	0	0	2
Thecc1EG004497t1	0	1	0	0	0	1	0	0	0	0	2
Thecc1EG004621t1	0	1	0	0	0	1	0	0	0	0	2
Thecc1EG005955t1	0	1	0	0	0	0	0	1	0	0	2
Thecc1EG006382t1	0	1	0	0	0	1	0	0	0	0	2
Thecc1EG006383t1	0	1	0	0	0	1	0	0	0	0	2
Thecc1EG006385t1	0	1	0	0	0	1	0	0	0	0	2
Thecc1EG006386t1	0	1	0	0	0	1	0	0	0	0	2
Thecc1EG006387t1	0	1	0	0	0	1	0	0	0	0	2
Thecc1EG007324t1	0	0	0	1	0	1	0	0	0	0	2
Thecc1EG007327t1	0	0	0	1	0	1	0	0	0	0	2
Thecc1EG007329t4	0	0	0	1	0	1	0	0	0	0	2
Thecc1EG007331t1	0	0	0	1	0	1	0	0	0	0	2
Thecc1EG007334t1	0	0	0	1	0	1	0	0	0	0	2
Thecc1EG007344t1	0	0	0	1	0	1	0	0	0	0	2
Thecc1EG007345t1	0	0	0	1	0	1	0	0	0	0	2
Thecc1EG007348t1	0	0	0	1	0	1	0	0	0	1	3
Thecc1EG007349t1	0	0	0	1	0	1	0	0	0	1	3
Thecc1EG007350t1	0	0	0	1	0	1	0	0	0	1	3
Thecc1EG007351t1	0	0	0	1	0	1	0	0	0	1	3
Thecc1EG007356t1	0	0	0	1	0	1	0	0	0	0	2
Thecc1EG007357t1	0	0	0	1	0	1	0	0	0	0	2
Thecc1EG007358t1	0	0	0	1	0	1	0	0	0	0	2
Thecc1EG007360t1	0	0	0	1	0	1	0	0	0	0	2
Thecc1EG007362t1	0	0	0	1	0	1	0	0	0	0	2
Thecc1EG007364t1	0	0	0	1	0	1	0	0	0	0	2
Thecc1EG007365t1	0	0	0	1	0	1	0	0	0	0	2
Thecc1EG007366t1	0	0	0	1	0	1	0	0	0	0	2
Thecc1EG007367t3	0	0	0	1	0	1	0	0	0	0	2
Thecc1EG007369t1	0	0	0	1	0	1	0	0	0	0	2
Thecc1EG007370t1	0	0	0	1	0	1	0	0	0	0	2
Thecc1EG007371t1	0	0	0	1	0	1	0	0	0	0	2
Thecc1EG007404t1	0	0	0	1	0	1	0	0	0	0	2
Thecc1EG007405t1	0	0	0	1	0	1	0	0	0	0	2
Thecc1EG007406t1	0	0	0	1	0	1	0	0	0	0	2
Thecc1EG007407t1	0	0	0	1	0	1	0	0	0	0	2
Thecc1EG007408t1	0	0	0	1	0	1	0	0	0	0	2
Thecc1EG007409t1	0	0	0	1	0	1	0	0	0	0	2
Thecc1EG007410t1	0	0	0	1	0	1	0	0	0	0	2
Thecc1EG007420t2	0	0	0	1	0	1	0	0	0	0	2
Thecc1EG007421t1	0	0	0	1	0	1	0	0	0	0	2
Thecc1EG007422t1	0	0	0	1	0	1	0	0	0	0	2
Thecc1EG007423t1	0	0	0	1	0	1	0	0	0	0	2
Thecc1EG007424t1	0	0	0	1	0	1	0	0	0	0	2
Thecc1EG007430t1	0	0	0	1	0	1	0	0	0	0	2
Thecc1EG007431t1	0	0	0	1	0	1	0	0	0	0	2
Thecc1EG007432t1	0	0	0	1	0	1	0	0	0	0	2
Thecc1EG007433t2	0	0	0	1	0	1	0	0	0	0	2
Thecc1EG007435t1	0	1	0	1	0	1	0	0	0	0	3
Thecc1EG007436t1	0	1	0	1	0	1	0	0	0	0	3
Thecc1EG007437t1	0	1	0	1	0	1	0	0	0	0	3
Thecc1EG007438t3	0	0	0	1	0	1	0	0	0	0	2
Thecc1EG007440t1	0	0	0	1	0	1	0	0	0	0	2
Thecc1EG007442t1	0	0	0	1	0	1	0	0	0	0	2
Thecc1EG007443t1	0	0	0	1	0	1	0	0	0	0	2
Thecc1EG007445t1	0	0	0	1	0	1	0	0	0	0	2
Thecc1EG007447t1	0	0	0	1	0	1	0	0	0	0	2
Thecc1EG007448t1	0	0	0	1	0	1	0	0	0	0	2
Thecc1EG007450t1	0	0	0	1	0	1	0	0	0	0	2
Thecc1EG007451t1	0	0	0	1	0	1	0	0	0	0	2
Thecc1EG007453t1	0	0	0	1	0	1	0	0	0	0	2
Thecc1EG007454t1	0	0	0	1	0	1	0	0	0	0	2
Thecc1EG007456t1	0	0	0	1	0	1	0	0	0	0	2
Thecc1EG007458t1	0	0	0	1	0	1	1	0	0	0	3
Thecc1EG007459t1	0	0	0	1	0	1	1	0	0	0	3
Thecc1EG007460t1	0	0	0	1	0	1	1	0	0	0	3
Thecc1EG007461t1	0	0	0	1	0	1	1	0	0	0	3
Thecc1EG007462t1	0	0	0	1	0	1	1	0	0	0	3
Thecc1EG007463t1	0	0	0	1	0	1	1	0	0	0	3
Thecc1EG007464t1	0	0	0	1	0	1	1	0	0	0	3
Thecc1EG007465t1	0	0	0	1	0	1	0	0	0	0	2
Thecc1EG007466t1	0	0	0	1	0	1	0	0	0	0	2
Thecc1EG007468t1	0	0	0	1	0	1	0	0	0	0	2
Thecc1EG007501t1	0	0	0	1	0	1	0	0	0	0	2
Thecc1EG007502t1	0	0	0	1	0	1	0	0	0	0	2
Thecc1EG007503t1	0	0	0	1	0	1	0	0	0	0	2
Thecc1EG007504t1	0	0	0	1	0	1	0	0	0	0	2
Thecc1EG007538t1	0	0	0	0	0	1	0	0	1	0	2
Thecc1EG007539t1	0	0	0	0	0	1	0	0	1	0	2
Thecc1EG007540t1	0	0	0	0	0	1	0	0	1	0	2
Thecc1EG007541t1	0	0	0	0	0	1	0	0	1	0	2
Thecc1EG007542t1	0	0	0	0	0	1	0	0	1	0	2
Thecc1EG007543t1	0	0	0	0	0	1	0	0	1	0	2
Thecc1EG007544t3	0	0	0	0	0	1	0	0	1	0	2
Thecc1EG007545t1	0	0	0	0	0	1	0	0	1	0	2
Thecc1EG007546t1	0	0	0	0	0	1	0	0	1	0	2
Thecc1EG007548t1	0	0	0	0	0	1	0	0	1	0	2
Thecc1EG007549t1	0	0	0	0	0	1	0	0	1	0	2
Thecc1EG007550t4	0	0	0	0	0	1	0	0	1	0	2
Thecc1EG007551t1	0	0	0	0	0	1	0	0	1	0	2
Thecc1EG007552t1	0	0	0	0	0	1	0	0	1	0	2
Thecc1EG007553t1	0	0	0	0	0	1	0	0	1	0	2
Thecc1EG007555t1	0	0	0	0	0	1	0	0	1	0	2
Thecc1EG007556t1	0	0	0	0	0	1	0	0	1	0	2
Thecc1EG007559t1	0	0	0	0	0	1	0	0	1	0	2
Thecc1EG007560t2	0	0	0	0	0	1	0	0	1	0	2
Thecc1EG007561t1	0	0	0	0	0	1	0	0	1	0	2
Thecc1EG007562t1	0	0	0	0	0	1	0	0	1	0	2
Thecc1EG007563t1	0	0	0	0	0	1	0	0	1	0	2
Thecc1EG007564t1	0	0	0	0	0	1	0	0	1	0	2
Thecc1EG007565t3	0	0	0	0	0	1	0	0	1	0	2
Thecc1EG007568t1	0	0	0	0	0	1	0	0	1	0	2
Thecc1EG007569t1	0	0	0	0	0	1	0	0	1	0	2
Thecc1EG007570t1	0	0	0	0	0	1	0	0	1	0	2
Thecc1EG007571t1	0	0	0	0	0	1	0	0	1	0	2
Thecc1EG007572t1	0	0	0	0	0	1	0	0	1	0	2
Thecc1EG007573t2	0	0	0	0	0	1	0	0	1	0	2
Thecc1EG007575t1	0	0	0	0	0	1	0	0	1	0	2
Thecc1EG007576t1	0	0	0	0	0	1	0	0	1	0	2
Thecc1EG007656t1	0	0	0	0	0	0	1	0	1	0	2
Thecc1EG007657t1	0	0	0	0	0	0	1	0	1	0	2
Thecc1EG007658t1	0	0	0	0	0	0	1	0	1	0	2
Thecc1EG007659t1	0	0	0	0	0	0	1	0	1	0	2
Thecc1EG007660t1	0	0	0	0	0	0	1	0	1	0	2
Thecc1EG009922t1	0	1	0	0	0	0	0	1	0	0	2
Thecc1EG009923t1	0	1	0	0	0	0	0	1	0	0	2
Thecc1EG009924t1	0	1	0	0	0	0	0	1	0	0	2
Thecc1EG010082t1	0	0	0	0	0	0	0	1	1	0	2
Thecc1EG010500t1	0	0	0	0	0	1	0	1	0	0	2
Thecc1EG010501t1	0	0	0	0	0	1	0	1	0	0	2
Thecc1EG010507t1	0	0	0	0	0	1	0	1	0	0	2
Thecc1EG010509t1	0	0	0	0	0	1	0	1	0	0	2
Thecc1EG010510t1	0	0	0	0	0	1	0	1	0	0	2
Thecc1EG010511t1	0	0	0	0	0	1	0	1	0	0	2
Thecc1EG010512t1	0	0	0	0	0	1	0	1	0	0	2
Thecc1EG010513t3	0	0	0	0	0	1	0	1	0	0	2
Thecc1EG010515t1	0	0	0	0	0	1	0	1	0	0	2
Thecc1EG010516t1	0	0	0	0	0	1	0	1	0	0	2
Thecc1EG010519t1	0	0	0	0	0	1	0	1	0	0	2
Thecc1EG010522t1	0	0	0	0	0	1	0	1	0	0	2
Thecc1EG010524t1	0	0	0	0	0	1	0	1	0	0	2
Thecc1EG010525t1	0	0	0	0	0	1	0	1	0	0	2
Thecc1EG010526t1	0	0	0	0	0	1	0	1	0	0	2
Thecc1EG010540t1	0	0	0	0	0	1	0	1	0	0	2
Thecc1EG010582t1	0	0	0	0	1	0	0	1	0	0	2
Thecc1EG010585t1	0	0	0	0	1	0	0	1	0	0	2
Thecc1EG010587t1	0	0	0	0	1	0	0	1	0	0	2
Thecc1EG010588t1	0	0	0	0	1	0	0	1	0	0	2
Thecc1EG010591t1	0	0	0	0	1	0	0	1	0	0	2
Thecc1EG010592t1	0	0	0	0	1	0	0	1	0	0	2
Thecc1EG010594t1	0	0	0	0	1	0	0	1	0	0	2
Thecc1EG010658t1	0	1	0	0	1	0	0	0	0	0	2
Thecc1EG010686t1	0	0	0	0	0	1	0	1	0	0	2
Thecc1EG010687t1	0	0	0	0	0	1	0	1	0	0	2
Thecc1EG010688t1	0	0	0	0	0	1	0	1	0	0	2
Thecc1EG010689t1	0	0	0	0	0	1	0	1	0	0	2
Thecc1EG010690t1	0	0	0	0	0	1	0	1	0	0	2
Thecc1EG010691t3	0	0	0	0	0	1	0	1	0	0	2
Thecc1EG010692t1	0	0	0	0	0	1	0	1	0	0	2
Thecc1EG010693t1	0	0	0	0	0	1	0	1	0	0	2
Thecc1EG010694t1	0	0	0	0	0	1	0	1	0	0	2
Thecc1EG010695t1	0	0	0	0	0	1	0	1	0	0	2
Thecc1EG010696t1	0	0	0	0	0	1	0	1	0	0	2
Thecc1EG010697t1	0	0	0	0	0	1	0	1	0	0	2
Thecc1EG010701t1	0	0	0	1	0	1	0	1	0	0	3
Thecc1EG010702t1	0	0	0	1	0	1	0	1	0	0	3
Thecc1EG010703t1	0	0	0	1	0	1	0	1	0	0	3
Thecc1EG010704t1	0	0	0	1	0	1	0	1	0	0	3
Thecc1EG010705t1	0	0	0	1	0	1	0	1	0	0	3
Thecc1EG010706t1	0	0	0	1	0	1	0	1	0	0	3
Thecc1EG010707t1	0	0	0	1	0	1	0	1	0	0	3
Thecc1EG010708t1	0	0	0	1	0	1	0	1	0	0	3
Thecc1EG010711t1	0	0	0	1	0	1	0	1	0	0	3
Thecc1EG010712t1	0	0	0	1	0	1	0	1	0	0	3
Thecc1EG010714t1	0	0	0	1	0	1	0	1	0	0	3
Thecc1EG010715t1	0	0	0	1	0	1	0	1	0	0	3
Thecc1EG010721t1	0	0	0	1	0	1	0	1	0	0	3
Thecc1EG010723t1	0	0	0	1	0	1	0	1	0	0	3
Thecc1EG010724t1	0	0	0	1	0	1	0	1	0	0	3
Thecc1EG010725t1	0	0	0	1	0	1	0	1	0	0	3
Thecc1EG010737t1	0	0	0	1	0	1	0	1	0	0	3
Thecc1EG010738t1	0	0	0	1	0	1	0	1	0	0	3
Thecc1EG010740t1	0	0	0	1	0	1	0	1	0	0	3
Thecc1EG010741t1	0	0	0	0	0	1	0	1	0	0	2
Thecc1EG010742t1	0	0	0	0	0	1	0	1	0	0	2
Thecc1EG010743t1	0	0	0	1	0	1	0	1	0	0	3
Thecc1EG010744t1	0	0	0	1	0	1	0	1	0	0	3
Thecc1EG010745t1	0	0	0	1	0	1	0	1	0	0	3
Thecc1EG010747t1	0	0	0	1	0	1	0	1	0	0	3
Thecc1EG010748t1	0	0	0	1	0	1	0	1	0	0	3
Thecc1EG010749t1	0	0	0	1	0	1	0	1	0	0	3
Thecc1EG010750t1	0	0	0	1	0	1	0	1	0	0	3
Thecc1EG010751t1	0	0	0	1	0	1	0	1	0	0	3
Thecc1EG010752t1	0	0	0	1	0	1	0	1	0	0	3
Thecc1EG010753t2	0	0	0	1	0	1	0	1	0	0	3
Thecc1EG010754t1	0	0	0	1	0	1	0	1	0	0	3
Thecc1EG010755t1	0	0	0	1	0	1	0	1	0	0	3
Thecc1EG010757t3	0	0	0	0	0	1	0	1	0	0	2
Thecc1EG010758t1	0	0	0	0	0	1	0	1	0	0	2
Thecc1EG010759t1	0	0	0	0	0	1	0	1	0	0	2
Thecc1EG010760t1	0	0	0	0	0	1	0	1	0	0	2
Thecc1EG010761t1	0	0	0	0	0	1	0	1	0	0	2
Thecc1EG010762t1	0	0	0	0	0	1	0	1	0	0	2
Thecc1EG010763t1	0	0	0	1	0	1	0	1	0	0	3
Thecc1EG010764t1	0	0	0	1	0	0	0	1	0	0	2
Thecc1EG010765t1	0	0	0	1	0	0	0	1	0	0	2
Thecc1EG010767t1	0	0	0	1	0	0	0	1	0	0	2
Thecc1EG010768t1	0	0	0	1	0	0	0	1	0	0	2
Thecc1EG010769t1	0	0	0	1	0	0	0	1	0	0	2
Thecc1EG010770t1	0	0	0	1	0	0	0	1	0	0	2
Thecc1EG010771t1	0	0	0	1	0	0	0	1	0	0	2
Thecc1EG010772t1	0	0	0	1	0	0	0	1	0	0	2
Thecc1EG010774t1	0	0	0	1	0	0	0	1	0	0	2
Thecc1EG010899t1	0	0	0	0	1	1	0	0	0	0	2
Thecc1EG010900t1	0	0	0	0	1	1	0	0	0	0	2
Thecc1EG010904t1	0	0	0	0	1	1	0	0	0	0	2
Thecc1EG010907t1	0	0	0	0	1	1	0	0	0	0	2
Thecc1EG010908t1	0	0	0	0	1	1	0	0	0	0	2
Thecc1EG010909t1	0	0	0	0	1	1	0	0	0	0	2
Thecc1EG011092t1	0	1	0	0	0	1	1	0	0	1	4
Thecc1EG011260t5	0	0	0	0	0	1	0	0	0	1	2
Thecc1EG011926t1	1	0	0	0	0	1	1	0	0	0	3
Thecc1EG011927t1	1	0	0	0	0	1	1	0	0	0	3
Thecc1EG011929t1	1	0	0	0	0	1	1	0	0	0	3
Thecc1EG011930t1	1	0	0	0	0	1	1	0	0	0	3
Thecc1EG011962t1	0	1	0	0	0	0	0	0	1	0	2
Thecc1EG011963t1	0	1	0	0	0	0	0	0	1	0	2
Thecc1EG011964t1	0	1	0	0	0	0	0	0	1	0	2
Thecc1EG011965t1	0	1	0	0	0	0	0	0	1	0	2
Thecc1EG011966t1	0	1	0	0	0	0	0	0	1	0	2
Thecc1EG011967t3	0	1	0	0	0	0	0	0	1	0	2
Thecc1EG012142t1	0	1	0	0	0	0	0	1	0	1	3
Thecc1EG012593t5	0	1	0	0	0	0	0	0	1	0	2
Thecc1EG012594t1	0	1	0	0	0	0	0	0	1	0	2
Thecc1EG012595t1	0	1	0	0	0	0	0	0	1	0	2
Thecc1EG012596t1	0	1	0	0	0	0	0	0	1	0	2
Thecc1EG012602t1	0	0	0	1	0	0	1	0	0	0	2
Thecc1EG012604t1	0	0	0	1	0	0	1	0	0	0	2
Thecc1EG012637t1	0	0	1	0	0	0	1	0	0	0	2
Thecc1EG012639t1	0	0	1	0	0	0	1	0	0	0	2
Thecc1EG012671t1	0	0	1	0	0	0	1	0	0	0	2
Thecc1EG012672t1	0	0	1	0	0	0	1	0	0	0	2
Thecc1EG012673t1	0	0	1	0	0	0	1	0	0	0	2
Thecc1EG012698t1	0	0	1	0	0	0	1	0	0	0	2
Thecc1EG012700t1	0	0	1	0	0	0	1	0	0	0	2
Thecc1EG012701t1	0	0	1	0	0	0	1	0	0	0	2
Thecc1EG012703t1	0	0	1	0	0	0	1	0	0	0	2
Thecc1EG012713t1	0	0	1	0	0	0	1	0	0	0	2
Thecc1EG012715t2	0	0	1	0	0	0	1	0	0	0	2
Thecc1EG012717t1	0	0	1	0	0	0	1	0	0	0	2
Thecc1EG012953t1	0	0	0	0	0	0	1	0	1	0	2
Thecc1EG012954t1	0	0	0	0	0	0	1	0	1	0	2
Thecc1EG012957t1	0	0	0	0	0	0	1	0	1	0	2
Thecc1EG013401t1	1	0	0	0	0	1	0	0	0	0	2
Thecc1EG013720t1	0	0	0	1	0	0	0	0	1	0	2
Thecc1EG013721t1	0	0	0	1	0	0	0	0	1	0	2
Thecc1EG013723t2	0	0	0	1	0	0	0	0	1	0	2
Thecc1EG014020t1	0	0	0	0	1	0	1	0	0	0	2
Thecc1EG014021t1	0	0	0	0	1	0	1	0	0	0	2
Thecc1EG014026t1	0	0	0	0	1	0	1	0	0	0	2
Thecc1EG014027t1	0	0	0	0	1	0	1	0	0	0	2
Thecc1EG014028t1	0	0	0	0	1	0	1	0	0	0	2
Thecc1EG014030t1	0	0	0	0	1	0	1	0	0	0	2
Thecc1EG014031t1	0	0	0	0	1	0	1	0	0	0	2
Thecc1EG014033t1	0	0	0	0	1	0	1	0	0	0	2
Thecc1EG014036t1	0	0	0	0	1	0	1	0	0	0	2
Thecc1EG015512t1	0	1	0	0	1	0	0	0	0	0	2
Thecc1EG015513t1	0	1	0	0	1	0	0	0	0	0	2
Thecc1EG015610t1	0	0	0	0	1	0	1	0	0	0	2
Thecc1EG015611t1	0	0	0	0	1	0	1	0	0	0	2
Thecc1EG015612t2	0	0	0	0	1	0	1	0	0	0	2
Thecc1EG015614t3	0	0	0	0	1	0	1	0	0	0	2
Thecc1EG015615t3	0	0	0	0	1	0	1	0	0	0	2
Thecc1EG015616t1	0	0	0	0	1	0	1	0	0	0	2
Thecc1EG015617t5	0	0	0	0	1	0	1	0	0	0	2
Thecc1EG015619t3	0	0	0	0	1	0	1	0	0	0	2
Thecc1EG015620t1	0	0	0	0	1	0	1	0	0	0	2
Thecc1EG015621t1	0	0	0	0	1	0	1	0	0	0	2
Thecc1EG015622t1	0	0	0	0	1	0	1	0	0	0	2
Thecc1EG015623t1	0	0	0	0	1	0	1	0	0	0	2
Thecc1EG015624t1	0	0	0	0	1	0	1	0	0	0	2
Thecc1EG015625t2	0	0	0	0	1	0	1	0	0	0	2
Thecc1EG015626t1	0	0	0	0	1	0	1	0	0	0	2
Thecc1EG015628t1	0	0	0	0	1	0	1	0	0	0	2
Thecc1EG015629t1	0	0	0	0	1	0	1	0	0	0	2
Thecc1EG015632t1	0	0	0	0	1	0	1	0	0	0	2
Thecc1EG015633t1	0	0	0	0	1	0	1	0	0	0	2
Thecc1EG015634t1	0	0	0	0	1	0	1	0	0	0	2
Thecc1EG015635t1	0	0	0	0	1	0	1	0	0	0	2
Thecc1EG015636t1	0	0	0	0	1	0	1	0	0	0	2
Thecc1EG015638t1	0	0	0	0	1	0	1	0	0	0	2
Thecc1EG015640t1	0	0	0	0	1	0	1	0	0	0	2
Thecc1EG015641t1	0	0	0	0	1	0	1	0	0	0	2
Thecc1EG015642t1	0	0	0	0	1	0	1	0	0	0	2
Thecc1EG015644t1	0	0	0	0	1	0	1	0	0	0	2
Thecc1EG016863t1	0	0	0	0	1	1	0	0	0	0	2
Thecc1EG016864t1	0	0	0	0	1	1	0	0	0	0	2
Thecc1EG016865t1	0	0	0	0	1	1	0	0	0	0	2
Thecc1EG017591t1	0	0	0	1	0	1	0	0	0	0	2
Thecc1EG017618t1	0	0	0	1	0	0	1	0	0	0	2
Thecc1EG017847t1	0	0	0	1	0	0	0	0	0	1	2
Thecc1EG017849t1	0	0	0	1	0	0	0	0	0	1	2
Thecc1EG017855t1	0	0	0	1	0	0	0	0	0	1	2
Thecc1EG017861t1	0	0	0	1	0	0	0	0	0	1	2
Thecc1EG017867t1	0	0	0	1	0	0	0	0	0	1	2
Thecc1EG017868t1	0	0	0	1	0	0	0	0	0	1	2
Thecc1EG017880t1	0	0	0	1	0	0	0	0	0	1	2
Thecc1EG017883t1	0	0	0	1	0	0	0	0	0	1	2
Thecc1EG017884t1	0	0	0	1	0	0	0	0	0	1	2
Thecc1EG017886t1	0	0	0	1	0	0	0	0	0	1	2
Thecc1EG017887t1	0	0	0	1	0	0	0	0	0	1	2
Thecc1EG017892t1	0	0	0	1	0	0	0	0	0	1	2
Thecc1EG018028t1	0	1	0	1	0	0	0	0	0	0	2
Thecc1EG018029t1	0	1	0	1	0	0	0	0	0	0	2
Thecc1EG018039t1	0	1	0	1	0	0	0	0	0	0	2
Thecc1EG018043t1	0	1	0	1	0	0	0	0	0	0	2
Thecc1EG018048t1	0	1	0	1	0	0	0	0	0	0	2
Thecc1EG018049t1	0	1	0	1	0	0	0	0	0	0	2
Thecc1EG018051t1	0	1	0	1	0	0	0	0	0	0	2
Thecc1EG018055t1	0	1	0	1	0	0	0	0	0	0	2
Thecc1EG018061t1	0	1	0	1	0	1	0	0	1	0	4
Thecc1EG018075t1	1	0	0	1	0	0	1	0	0	0	3
Thecc1EG018081t1	1	0	0	1	0	0	0	0	0	0	2
Thecc1EG018082t1	1	0	0	1	0	0	0	0	0	0	2
Thecc1EG018104t1	1	0	0	1	0	0	0	0	1	0	3
Thecc1EG018113t1	1	0	0	1	0	0	0	0	1	0	3
Thecc1EG018115t1	1	0	0	1	0	0	0	0	1	0	3
Thecc1EG018116t5	1	0	0	1	0	0	0	0	1	0	3
Thecc1EG018121t1	1	0	0	1	0	0	0	0	1	0	3
Thecc1EG018122t1	1	0	0	1	0	0	0	0	1	0	3
Thecc1EG018123t1	1	0	0	1	0	0	0	0	1	0	3
Thecc1EG018124t1	1	0	0	1	0	0	0	0	1	0	3
Thecc1EG018125t1	1	0	0	1	0	1	0	0	1	0	4
Thecc1EG018126t1	1	0	0	1	0	1	0	0	1	0	4
Thecc1EG018127t1	1	0	0	1	0	1	0	0	1	0	4
Thecc1EG018357t1	0	0	0	0	1	1	0	0	0	0	2
Thecc1EG018358t1	0	0	0	0	1	1	0	0	0	0	2
Thecc1EG018359t1	0	0	0	0	1	1	0	0	0	0	2
Thecc1EG018360t1	0	0	0	0	1	1	0	0	0	0	2
Thecc1EG018393t1	0	0	0	0	1	0	0	0	0	1	2
Thecc1EG018394t1	0	0	0	0	1	0	0	0	0	1	2
Thecc1EG018396t3	0	0	0	0	1	0	0	0	0	1	2
Thecc1EG018453t1	0	0	0	0	0	1	0	0	0	1	2
Thecc1EG018467t1	1	0	0	0	0	0	0	0	0	1	2
Thecc1EG018470t1	1	0	0	0	0	0	0	0	0	1	2
Thecc1EG018491t1	1	0	0	0	0	1	0	0	0	0	2
Thecc1EG018503t2	0	0	0	0	1	0	0	0	1	0	2
Thecc1EG019192t1	0	1	0	0	0	1	0	0	0	0	2
Thecc1EG019202t1	0	1	0	0	0	1	0	0	0	0	2
Thecc1EG019203t1	0	1	0	0	0	1	0	0	0	0	2
Thecc1EG019204t1	0	1	0	0	0	1	0	0	0	0	2
Thecc1EG019205t1	0	1	0	0	0	1	0	0	0	0	2
Thecc1EG019206t1	0	1	0	0	0	1	0	0	0	0	2
Thecc1EG019356t4	0	1	0	0	0	1	1	0	0	0	3
Thecc1EG019801t1	0	0	0	0	1	0	1	0	0	0	2
Thecc1EG019858t1	0	1	0	0	0	0	1	0	0	0	2
Thecc1EG019859t1	0	1	0	0	0	0	1	0	0	0	2
Thecc1EG023090t1	0	0	0	0	0	1	0	0	1	0	2
Thecc1EG023091t1	0	0	0	0	0	1	0	0	1	0	2
Thecc1EG024259t1	0	1	0	0	0	0	0	0	0	1	2
Thecc1EG025515t1	0	0	0	1	0	0	1	0	0	0	2
Thecc1EG025516t3	0	0	0	1	0	0	1	0	0	0	2
Thecc1EG025517t1	0	0	0	1	0	0	1	0	0	0	2
Thecc1EG025518t1	0	0	0	1	0	0	1	0	0	0	2
Thecc1EG025519t1	0	0	0	1	0	0	1	0	0	0	2
Thecc1EG025521t1	0	0	0	1	0	0	1	0	0	0	2
Thecc1EG025522t1	0	0	0	1	0	0	1	0	0	0	2
Thecc1EG025523t1	0	0	0	1	0	0	1	0	0	0	2
Thecc1EG025524t1	0	0	0	1	0	0	1	0	0	0	2
Thecc1EG025525t1	0	0	0	1	0	0	1	0	0	0	2
Thecc1EG025526t1	0	0	0	1	0	0	1	0	0	0	2
Thecc1EG025976t1	1	0	0	0	0	0	0	0	1	0	2
Thecc1EG025977t1	1	0	0	0	0	0	0	0	1	0	2
Thecc1EG025978t1	1	0	0	0	0	0	0	0	1	0	2
Thecc1EG025979t1	1	0	0	0	0	0	0	0	1	0	2
Thecc1EG025980t1	1	0	0	0	0	0	0	0	1	0	2
Thecc1EG025995t1	0	1	0	0	0	0	1	0	0	0	2
Thecc1EG026959t1	1	1	0	1	0	0	1	1	0	1	6
Thecc1EG027002t3	0	1	0	1	0	0	0	1	0	0	3
Thecc1EG027005t1	0	1	0	0	0	0	0	1	0	0	2
Thecc1EG027016t1	0	0	0	1	0	0	1	1	0	0	3
Thecc1EG027018t1	0	0	0	0	0	0	1	1	0	0	2
Thecc1EG027019t1	0	0	0	0	0	0	1	1	0	0	2
Thecc1EG027054t1	0	0	0	1	0	0	0	1	0	0	2
Thecc1EG027057t1	0	0	0	1	0	0	0	1	0	0	2
Thecc1EG027058t1	0	0	0	1	0	0	0	1	0	0	2
Thecc1EG027059t1	0	0	0	1	0	0	0	1	0	0	2
Thecc1EG027060t1	0	0	0	1	0	0	0	1	0	0	2
Thecc1EG027061t1	0	0	0	1	0	0	0	1	0	0	2
Thecc1EG027062t1	0	0	0	1	0	0	0	1	0	0	2
Thecc1EG027063t1	0	0	0	1	0	0	0	1	0	0	2
Thecc1EG027064t1	0	0	0	1	0	0	0	1	0	0	2
Thecc1EG027065t1	0	0	0	1	0	0	0	1	0	0	2
Thecc1EG027068t1	0	0	0	1	0	0	0	1	0	0	2
Thecc1EG027069t1	0	0	0	1	0	0	0	1	0	0	2
Thecc1EG027070t1	0	0	0	1	0	0	0	1	0	0	2
Thecc1EG027071t1	0	0	0	1	0	0	0	1	0	0	2
Thecc1EG027072t1	0	0	0	1	0	0	0	1	0	0	2
Thecc1EG027073t1	0	0	0	1	0	0	0	1	0	0	2
Thecc1EG027074t1	0	0	0	1	0	0	0	1	0	0	2
Thecc1EG027075t1	0	0	0	1	0	0	0	1	0	0	2
Thecc1EG027076t1	0	0	0	1	0	0	0	1	0	0	2
Thecc1EG027077t1	0	0	0	1	0	0	0	1	0	0	2
Thecc1EG027078t1	0	0	0	1	0	0	0	1	0	0	2
Thecc1EG027079t1	0	0	0	1	0	0	0	1	0	0	2
Thecc1EG027104t1	0	0	0	0	0	0	1	0	0	1	2
Thecc1EG027210t1	1	0	0	0	0	0	1	0	0	0	2
Thecc1EG027211t1	1	0	0	0	0	0	1	0	0	0	2
Thecc1EG027212t3	1	0	0	0	0	0	1	0	0	0	2
Thecc1EG027213t2	1	0	0	0	0	0	1	0	0	0	2
Thecc1EG027218t1	1	1	0	0	0	0	0	0	0	0	2
Thecc1EG027219t1	1	1	0	0	0	0	0	0	0	0	2
Thecc1EG027220t1	1	1	0	0	0	0	0	0	0	0	2
Thecc1EG027312t1	1	0	0	0	0	0	0	1	0	0	2
Thecc1EG027313t1	1	0	0	0	0	0	0	1	0	0	2
Thecc1EG027314t1	1	0	0	0	0	0	0	1	0	0	2
Thecc1EG027696t4	1	0	0	0	1	0	0	0	0	0	2
Thecc1EG027699t1	1	0	0	0	1	0	0	0	0	0	2
Thecc1EG027700t1	1	0	0	0	1	0	0	0	0	0	2
Thecc1EG027709t1	1	0	0	0	1	0	0	0	0	0	2
Thecc1EG027725t1	1	0	0	0	1	0	0	0	0	0	2
Thecc1EG027726t1	1	0	0	0	1	0	0	0	0	0	2
Thecc1EG027727t2	1	0	0	0	1	0	0	0	0	0	2
Thecc1EG027730t1	1	0	0	0	1	0	0	0	0	0	2
Thecc1EG027732t1	1	0	0	0	1	0	0	0	0	0	2
Thecc1EG027733t1	1	0	0	0	1	0	0	0	0	0	2
Thecc1EG027734t1	1	0	0	0	1	0	0	0	0	0	2
Thecc1EG027736t1	1	0	0	0	1	0	0	0	0	0	2
Thecc1EG027738t1	1	0	0	0	1	0	0	0	0	0	2
Thecc1EG027739t1	1	0	0	0	1	0	0	0	0	0	2
Thecc1EG027742t1	1	0	0	0	1	0	0	0	0	0	2
Thecc1EG027744t2	1	0	0	0	1	0	0	0	0	0	2
Thecc1EG027747t1	1	0	0	0	1	0	0	0	0	1	3
Thecc1EG027748t1	1	0	0	0	1	0	0	0	0	1	3
Thecc1EG027749t1	1	0	0	0	1	0	0	0	0	0	2
Thecc1EG027750t1	1	0	0	0	1	0	0	0	0	0	2
Thecc1EG027751t1	1	0	0	0	1	0	0	0	0	0	2
Thecc1EG027752t1	1	0	0	0	1	0	0	0	0	0	2
Thecc1EG027772t1	1	1	0	0	0	0	0	0	0	0	2
Thecc1EG028512t1	0	0	0	1	0	0	0	0	1	0	2
Thecc1EG028523t1	0	1	0	0	0	0	0	0	0	1	2
Thecc1EG028524t1	0	1	0	0	0	0	0	0	1	1	3
Thecc1EG028656t1	0	1	0	0	0	0	0	0	0	1	2
Thecc1EG029055t1	1	0	0	0	0	0	0	1	0	0	2
Thecc1EG029056t1	1	0	0	0	0	0	0	1	0	0	2
Thecc1EG029057t1	1	1	0	0	0	0	0	1	0	0	3
Thecc1EG029058t1	1	1	0	0	0	0	0	1	0	0	3
Thecc1EG029059t1	1	0	0	0	0	0	0	1	0	0	2
Thecc1EG029062t1	1	0	0	0	0	0	0	1	0	0	2
Thecc1EG029063t1	1	0	0	0	0	0	0	1	0	0	2
Thecc1EG029064t1	1	0	0	0	0	0	0	1	0	0	2
Thecc1EG029065t1	1	0	0	0	0	0	0	1	0	0	2
Thecc1EG029066t1	1	0	0	0	0	0	0	1	0	0	2
Thecc1EG029067t1	1	0	0	0	0	0	0	1	0	0	2
Thecc1EG029068t1	1	0	0	0	0	0	0	1	0	0	2
Thecc1EG029069t1	1	0	0	0	0	0	0	1	0	0	2
Thecc1EG029070t1	1	0	0	0	0	0	0	1	0	0	2
Thecc1EG029071t1	1	0	0	0	0	0	0	1	0	0	2
Thecc1EG029072t1	1	0	0	0	0	0	0	1	0	0	2
Thecc1EG029073t2	1	0	0	0	0	0	0	1	0	0	2
Thecc1EG029074t1	1	0	0	0	0	0	0	1	0	0	2
Thecc1EG029075t1	1	0	0	0	0	0	0	1	0	0	2
Thecc1EG029076t2	1	0	0	0	0	0	0	1	0	0	2
Thecc1EG029077t1	1	0	0	0	0	0	0	1	0	0	2
Thecc1EG029078t1	1	0	0	0	0	0	0	1	0	0	2
Thecc1EG029079t1	1	0	0	0	0	0	0	1	0	0	2
Thecc1EG029080t1	1	0	0	0	0	0	0	1	0	0	2
Thecc1EG029081t1	1	0	0	0	0	0	0	1	0	0	2
Thecc1EG029082t1	1	0	0	0	0	0	0	1	0	0	2
Thecc1EG029083t1	1	0	0	0	0	0	0	1	0	0	2
Thecc1EG029084t1	1	0	0	0	0	0	0	1	0	0	2
Thecc1EG029085t1	1	0	0	0	0	0	0	1	0	0	2
Thecc1EG029086t1	1	0	0	0	0	0	0	1	0	0	2
Thecc1EG029087t1	1	0	0	0	0	0	0	1	0	0	2
Thecc1EG029088t1	1	0	0	0	0	0	0	1	0	0	2
Thecc1EG029090t1	1	0	0	0	0	0	0	1	0	0	2
Thecc1EG029091t1	1	0	0	0	0	0	0	1	0	0	2
Thecc1EG030873t1	0	0	0	1	0	0	0	0	0	1	2
Thecc1EG030874t1	0	0	0	1	0	0	0	0	0	1	2
Thecc1EG030875t1	0	0	0	1	0	0	0	0	0	1	2
Thecc1EG030876t3	0	0	0	1	0	0	0	0	0	1	2
Thecc1EG030877t1	0	0	0	1	0	0	0	0	0	1	2
Thecc1EG031808t1	1	0	0	0	0	1	0	0	1	0	3
Thecc1EG031895t1	0	1	0	0	0	1	0	0	0	0	2
Thecc1EG031896t1	0	1	0	0	0	1	0	0	0	0	2
Thecc1EG031897t1	0	1	0	0	0	1	0	0	0	0	2
Thecc1EG031898t1	0	1	0	0	0	1	0	0	0	0	2
Thecc1EG031899t1	0	1	0	0	0	1	0	0	0	0	2
Thecc1EG031917t1	0	0	0	0	1	1	0	0	0	0	2
Thecc1EG031920t1	0	0	0	0	0	1	1	0	0	0	2
Thecc1EG031923t1	0	0	0	0	0	1	1	0	0	0	2
Thecc1EG031926t1	0	0	0	0	0	1	1	0	0	0	2
Thecc1EG031931t1	0	0	0	0	0	1	1	0	0	0	2
Thecc1EG032677t1	1	0	0	0	0	1	0	0	0	0	2
Thecc1EG033221t1	0	0	0	0	1	1	0	0	0	0	2
Thecc1EG033372t1	0	0	0	0	1	0	1	0	0	0	2
Thecc1EG033433t1	0	0	0	1	1	0	0	0	0	0	2
Thecc1EG033437t3	0	0	0	1	1	0	0	0	0	0	2
Thecc1EG033439t1	0	0	0	1	1	0	0	0	0	0	2
Thecc1EG033454t2	0	0	0	0	1	1	0	0	0	0	2
Thecc1EG033455t2	0	0	0	0	1	1	0	0	0	0	2
Thecc1EG033502t1	0	0	0	1	1	1	1	0	0	0	4
Thecc1EG033514t1	0	0	0	0	1	0	1	0	0	0	2
Thecc1EG035323t5	0	1	0	0	1	0	1	0	0	1	4
Thecc1EG036743t1	0	0	1	0	1	0	1	0	1	0	4
Thecc1EG036776t1	0	1	0	0	0	0	0	0	1	0	2
Thecc1EG036777t1	0	1	0	0	0	0	0	0	1	0	2
Thecc1EG036779t1	0	1	0	0	0	0	0	0	1	0	2
Thecc1EG036780t1	0	1	0	0	0	0	0	0	1	0	2
Thecc1EG036781t1	0	1	0	0	0	0	0	0	1	0	2
Thecc1EG036783t1	0	1	0	0	0	0	0	0	1	0	2
Thecc1EG036784t2	0	1	0	0	0	0	0	0	1	0	2
Thecc1EG038176t1	0	0	0	1	0	0	1	0	0	0	2
Thecc1EG038177t1	0	0	0	1	0	0	1	0	0	0	2
Thecc1EG038186t1	0	0	0	1	0	0	1	0	0	0	2
Thecc1EG038187t1	0	0	0	1	0	0	1	0	0	0	2
Thecc1EG038188t1	0	0	0	1	0	0	1	0	0	0	2
Thecc1EG038189t1	0	0	0	1	0	0	1	0	0	0	2
Thecc1EG038190t1	0	0	0	1	0	0	1	0	0	0	2
Thecc1EG038659t1	0	0	0	0	0	0	1	0	1	0	2
Thecc1EG038767t1	0	0	0	1	0	0	1	0	0	0	2
Thecc1EG038768t1	0	0	0	1	0	0	1	0	0	0	2
Thecc1EG038770t1	0	0	0	1	0	0	1	0	0	0	2
Thecc1EG038771t1	0	0	0	1	0	0	1	0	0	0	2
Thecc1EG038772t1	0	0	0	1	0	0	1	0	0	0	2
Thecc1EG038777t1	0	0	0	0	0	0	1	0	0	1	2
Thecc1EG038834t1	0	1	0	0	0	0	1	0	1	0	3
Thecc1EG038846t1	0	0	0	0	0	0	1	0	1	0	2
Thecc1EG038848t1	0	0	0	0	0	0	1	0	1	0	2
Thecc1EG038849t1	0	0	0	0	0	0	1	0	1	0	2
Thecc1EG038860t1	0	1	0	0	0	0	1	0	0	0	2
Thecc1EG038869t1	0	0	0	0	0	0	1	0	1	0	2
Thecc1EG039116t1	0	0	0	0	0	0	1	0	1	0	2
Thecc1EG039121t1	0	0	0	0	0	0	1	0	1	0	2
Thecc1EG039124t1	0	0	0	0	0	0	1	0	1	0	2
Thecc1EG039125t1	0	0	0	0	0	0	1	0	1	0	2
Thecc1EG039126t3	0	0	0	0	0	0	1	0	1	0	2
Thecc1EG039201t1	0	0	0	0	0	0	0	0	1	1	2
Thecc1EG039203t1	0	0	0	0	0	0	1	0	1	0	2
Thecc1EG039228t1	0	1	0	1	0	0	0	0	1	0	3
Thecc1EG039236t1	0	1	0	0	0	0	0	0	1	0	2
Thecc1EG039237t1	0	1	0	0	0	0	0	0	1	0	2
Thecc1EG039252t1	0	0	0	0	0	0	1	0	1	0	2
Thecc1EG040096t1	1	0	0	0	0	1	0	0	0	0	2
Thecc1EG040101t1	1	0	0	0	0	1	0	0	0	0	2
Thecc1EG040106t2	1	0	0	0	0	1	0	0	0	0	2
Thecc1EG040108t1	1	0	0	0	0	1	0	0	0	0	2
Thecc1EG040109t4	1	0	0	0	0	1	0	0	0	0	2
Thecc1EG040115t1	1	0	0	0	0	1	0	0	0	0	2
Thecc1EG040145t1	1	0	0	0	0	1	0	0	0	0	2
Thecc1EG040152t1	1	0	0	0	0	1	0	0	0	0	2
Thecc1EG040154t1	1	0	0	0	0	1	0	0	0	0	2
Thecc1EG040155t1	1	0	0	0	0	1	0	0	0	0	2
Thecc1EG040161t2	1	0	0	0	0	1	0	0	0	1	3
Thecc1EG040163t1	1	0	0	0	0	1	0	0	0	0	2
Thecc1EG040176t1	1	0	0	0	0	1	0	0	0	1	3
Thecc1EG040179t1	1	0	0	0	0	1	0	0	0	1	3
Thecc1EG040180t1	1	0	0	0	0	1	0	0	0	1	3
Thecc1EG040182t1	1	0	0	0	0	1	0	0	0	1	3
Thecc1EG040183t1	1	0	0	0	0	1	0	0	0	1	3
Thecc1EG040186t1	1	0	0	0	0	1	0	0	0	1	3
Thecc1EG040192t1	1	0	0	0	0	1	0	0	0	0	2
Thecc1EG040196t1	1	0	0	0	0	1	0	0	0	1	3
Thecc1EG040200t1	1	0	0	0	0	0	0	0	0	1	2
Thecc1EG040202t1	1	0	0	0	0	0	0	0	0	1	2
Thecc1EG040203t1	1	0	0	0	0	0	0	0	0	1	2
Thecc1EG040348t1	0	0	0	0	0	1	0	1	0	0	2
Thecc1EG040351t2	0	1	0	0	0	0	1	1	0	1	4
Thecc1EG040402t2	0	0	0	0	0	0	1	1	0	0	2
Thecc1EG040405t1	0	0	0	0	0	0	1	1	0	0	2
Thecc1EG040406t1	0	0	0	0	0	0	1	1	0	0	2
Thecc1EG040407t4	0	0	0	0	0	0	1	1	0	0	2
Thecc1EG040408t1	0	0	0	0	0	0	1	1	0	0	2
Thecc1EG040557t1	0	1	0	0	0	0	0	1	0	0	2
Thecc1EG040559t1	0	1	0	0	0	0	0	1	0	0	2
Thecc1EG040560t1	0	1	0	0	0	0	0	1	0	0	2
Thecc1EG040565t1	0	0	0	0	0	0	0	1	0	1	2
Thecc1EG040566t1	0	0	0	0	0	0	0	1	0	1	2
Thecc1EG040567t2	0	1	0	0	0	0	0	1	0	1	3
Thecc1EG040571t1	1	0	0	0	0	0	0	1	0	0	2
Thecc1EG040572t1	1	0	0	0	0	0	0	1	0	0	2
Thecc1EG040590t1	0	0	0	0	0	1	0	1	0	0	2
Thecc1EG040592t1	0	0	0	0	0	1	0	1	0	0	2
Thecc1EG041068t1	0	0	0	0	0	1	0	0	1	0	2
Thecc1EG041654t1	0	0	0	0	0	0	1	1	0	0	2
Thecc1EG041655t1	0	0	0	0	0	0	1	1	0	0	2
Thecc1EG041656t1	0	0	0	0	0	0	1	1	0	0	2
Thecc1EG041657t1	0	0	0	0	0	0	1	1	0	0	2
Thecc1EG041658t1	0	0	0	0	0	0	1	1	0	0	2
Thecc1EG041715t1	0	0	0	1	0	0	0	1	0	0	2
Thecc1EG041716t1	0	0	0	1	0	0	0	1	0	0	2
Thecc1EG041717t1	0	0	0	1	0	0	0	1	0	0	2
Thecc1EG041718t1	0	0	0	1	0	0	0	1	0	0	2
Thecc1EG041719t1	0	0	0	1	0	0	0	1	0	0	2
Thecc1EG041721t1	0	0	0	1	0	0	0	1	0	0	2
Thecc1EG041722t1	0	0	0	1	0	0	0	1	0	0	2
Thecc1EG041723t1	0	0	0	1	0	0	0	1	0	0	2
Thecc1EG041724t1	0	0	0	1	0	0	0	1	0	0	2
Thecc1EG041725t1	0	0	0	1	0	0	0	1	0	0	2
Thecc1EG041799t1	0	0	0	0	0	1	0	1	0	1	3
Thecc1EG041800t1	0	0	0	0	0	1	0	1	0	1	3
Thecc1EG041801t1	0	0	0	0	0	1	0	1	0	1	3
Thecc1EG041802t1	0	0	0	0	0	0	0	1	0	1	2
Thecc1EG042273t1	0	0	0	0	0	0	0	1	0	1	2
Thecc1EG042274t1	0	0	0	0	0	0	0	1	0	1	2
Thecc1EG042275t1	0	0	0	0	0	0	0	1	0	1	2
Thecc1EG042276t1	0	0	0	0	0	0	0	1	0	1	2
Thecc1EG042277t1	0	0	0	0	0	0	0	1	0	1	2
Thecc1EG042278t1	0	0	0	0	0	0	0	1	0	1	2
Thecc1EG042301t1	0	1	0	0	0	0	0	1	0	0	2
Thecc1EG042302t1	0	1	0	0	0	0	0	1	0	0	2
Thecc1EG042303t1	0	1	0	0	0	0	0	1	0	0	2
Thecc1EG042305t1	0	1	0	0	0	0	0	1	0	0	2
Thecc1EG042306t1	0	1	0	0	0	0	0	1	0	0	2
Thecc1EG042307t1	0	1	0	0	0	0	0	1	0	0	2
Thecc1EG042309t1	0	1	0	0	0	0	0	1	0	0	2
Thecc1EG042310t1	0	1	0	0	0	0	0	1	0	0	2
Thecc1EG042312t1	0	1	0	0	0	0	0	1	0	0	2
Thecc1EG046688t1	0	0	0	1	0	0	0	0	1	0	2
Thecc1EG046720t1	0	0	0	1	0	1	0	0	0	0	2
Thecc1EG046876t1	0	0	0	0	0	1	1	0	0	0	2
Thecc1EG046898t1	0	1	0	0	0	0	0	0	1	0	2
Thecc1EG046899t1	0	1	0	0	0	0	0	0	1	0	2
Thecc1EG047016t1	0	1	0	0	1	0	0	0	0	0	2
